65;1120;187;28;28;21;10;10
65;1090;187;28;28;21;11;11
65;1060;187;28;28;21;12;12
65;1029;187;28;28;21;13;13
65;1000;187;28;28;21;14;14
65;969;187;28;28;21;15;15
65;940;187;28;28;21;16;16
65;911;187;28;28;21;17;17
65;882;187;28;28;21;18;18
65;853;187;28;28;21;19;19
65;1355;187;28;28;21;2;2
65;823;187;28;28;21;20;20
65;794;187;28;28;21;21;21
65;763;187;28;28;21;22;22
65;733;187;28;28;21;23;23
65;703;186;28;28;21;24;24
65;672;186;28;28;21;25;25
65;642;186;28;28;21;26;26
65;614;186;28;28;21;27;27
65;584;186;28;28;21;28;28
65;555;186;28;28;21;29;29
65;1327;187;28;28;21;3;3
65;526;186;28;28;21;30;30
65;496;186;28;28;21;31;31
65;466;186;28;28;21;32;32
65;436;186;28;28;21;33;33
65;407;186;28;28;21;34;34
65;1296;187;28;28;21;4;4
65;1266;187;28;28;21;5;5
65;1238;187;28;28;21;6;6
65;1208;187;28;28;21;7;7
65;1179;187;28;28;21;8;8
65;1150;187;28;28;21;9;9
65;1400;914;28;28;3;1;1
65;1134;914;28;28;3;10;10
65;1104;914;28;28;3;11;11
65;1074;914;28;28;3;12;12
65;1043;914;28;28;3;13;13
65;1014;914;28;28;3;14;14
65;983;914;28;28;3;15;15
65;954;914;28;28;3;16;16
65;925;914;28;28;3;17;17
65;896;914;28;28;3;18;18
65;867;914;28;28;3;19;19
65;1369;914;28;28;3;2;2
65;837;914;28;28;3;20;20
65;808;914;28;28;3;21;21
65;777;914;28;28;3;22;22
65;747;914;28;28;3;23;23
65;717;913;28;28;3;24;24
65;686;913;28;28;3;25;25
65;656;913;28;28;3;26;26
65;628;913;28;28;3;27;27
65;598;913;28;28;3;28;28
65;569;913;28;28;3;29;29
65;1341;914;28;28;3;3;3
65;540;913;28;28;3;30;30
65;510;913;28;28;3;31;31
65;480;913;28;28;3;32;32
65;450;913;28;28;3;33;33
65;421;913;28;28;3;34;34
65;391;913;28;28;3;35;35
65;1310;914;28;28;3;4;4
65;1281;914;28;28;3;5;5
65;1252;914;28;28;3;6;6
65;1222;914;28;28;3;7;7
65;1193;914;28;28;3;8;8
65;1164;914;28;28;3;9;9
65;1400;874;28;28;4;1;1
65;1134;874;28;28;4;10;10
65;1104;874;28;28;4;11;11
65;1074;874;28;28;4;12;12
65;1043;874;28;28;4;13;13
65;1014;874;28;28;4;14;14
65;983;874;28;28;4;15;15
65;954;874;28;28;4;16;16
65;925;874;28;28;4;17;17
65;896;874;28;28;4;18;18
65;867;874;28;28;4;19;19
65;1369;874;28;28;4;2;2
65;837;874;28;28;4;20;20
65;808;874;28;28;4;21;21
65;777;874;28;28;4;22;22
65;747;874;28;28;4;23;23
65;717;873;28;28;4;24;24
65;686;873;28;28;4;25;25
65;656;873;28;28;4;26;26
65;628;873;28;28;4;27;27
65;598;873;28;28;4;28;28
65;569;873;28;28;4;29;29
65;1341;874;28;28;4;3;3
65;540;873;28;28;4;30;30
65;510;873;28;28;4;31;31
65;480;873;28;28;4;32;32
65;450;873;28;28;4;33;33
65;421;873;28;28;4;34;34
65;391;873;28;28;4;35;35
65;1310;874;28;28;4;4;4
65;1281;874;28;28;4;5;5
65;1252;874;28;28;4;6;6
65;1222;874;28;28;4;7;7
65;1193;874;28;28;4;8;8
65;1164;874;28;28;4;9;9
65;1400;834;28;28;5;1;1
65;1134;834;28;28;5;10;10
65;1104;834;28;28;5;11;11
65;1074;834;28;28;5;12;12
65;1042;832;28;28;5;13;13
65;1014;835;28;28;5;14;14
65;983;834;28;28;5;15;15
65;954;834;28;28;5;16;16
65;925;834;28;28;5;17;17
65;896;834;28;28;5;18;18
65;867;834;28;28;5;19;19
65;1369;834;28;28;5;2;2
65;837;834;28;28;5;20;20
65;808;834;28;28;5;21;21
65;777;834;28;28;5;22;22
65;747;834;28;28;5;23;23
65;717;833;28;28;5;24;24
65;686;833;28;28;5;25;25
65;656;833;28;28;5;26;26
65;628;833;28;28;5;27;27
65;598;833;28;28;5;28;28
65;569;833;28;28;5;29;29
65;1341;834;28;28;5;3;3
65;540;833;28;28;5;30;30
65;510;833;28;28;5;31;31
65;480;833;28;28;5;32;32
65;450;833;28;28;5;33;33
65;421;833;28;28;5;34;34
65;391;833;28;28;5;35;35
65;1310;834;28;28;5;4;4
65;1280;834;28;28;5;5;5
65;1252;834;28;28;5;6;6
65;1222;834;28;28;5;7;7
65;1193;834;28;28;5;8;8
65;1164;834;28;28;5;9;9
65;1388;795;28;28;6;1;1
65;1122;795;28;28;6;10;10
65;1092;795;28;28;6;11;11
65;1062;795;28;28;6;12;12
65;1031;795;28;28;6;13;13
65;1002;795;28;28;6;14;14
65;971;795;28;28;6;15;15
65;942;795;28;28;6;16;16
65;913;795;28;28;6;17;17
65;884;795;28;28;6;18;18
65;855;795;28;28;6;19;19
65;1357;795;28;28;6;2;2
65;825;795;28;28;6;20;20
65;796;795;28;28;6;21;21
65;765;795;28;28;6;22;22
65;735;795;28;28;6;23;23
65;705;794;28;28;6;24;24
65;674;794;28;28;6;25;25
65;644;794;28;28;6;26;26
65;616;794;28;28;6;27;27
65;586;794;28;28;6;28;28
65;557;794;28;28;6;29;29
65;1329;795;28;28;6;3;3
65;528;794;28;28;6;30;30
65;498;794;28;28;6;31;31
65;468;794;28;28;6;32;32
65;438;794;28;28;6;33;33
65;409;794;28;28;6;34;34
65;1298;795;28;28;6;4;4
65;1268;795;28;28;6;5;5
65;1240;795;28;28;6;6;6
65;1210;795;28;28;6;7;7
65;1181;795;28;28;6;8;8
65;1152;795;28;28;6;9;9
65;1388;754;28;28;7;1;1
65;1122;754;28;28;7;10;10
65;1092;754;28;28;7;11;11
65;1062;754;28;28;7;12;12
65;1031;754;28;28;7;13;13
65;1002;754;28;28;7;14;14
65;971;754;28;28;7;15;15
65;942;754;28;28;7;16;16
65;913;754;28;28;7;17;17
65;884;754;28;28;7;18;18
65;855;754;28;28;7;19;19
65;1357;754;28;28;7;2;2
65;825;754;28;28;7;20;20
65;796;754;28;28;7;21;21
65;765;754;28;28;7;22;22
65;735;754;28;28;7;23;23
65;705;753;28;28;7;24;24
65;674;753;28;28;7;25;25
65;644;753;28;28;7;26;26
65;616;753;28;28;7;27;27
65;586;753;28;28;7;28;28
65;557;753;28;28;7;29;29
65;1329;754;28;28;7;3;3
65;528;753;28;28;7;30;30
65;498;753;28;28;7;31;31
65;468;753;28;28;7;32;32
65;438;753;28;28;7;33;33
65;409;753;28;28;7;34;34
65;1298;754;28;28;7;4;4
65;1268;754;28;28;7;5;5
65;1240;754;28;28;7;6;6
65;1210;754;28;28;7;7;7
65;1181;754;28;28;7;8;8
65;1152;754;28;28;7;9;9
65;1388;714;28;28;8;1;1
65;1122;714;28;28;8;10;10
65;1092;714;28;28;8;11;11
65;1062;714;28;28;8;12;12
65;1031;714;28;28;8;13;13
65;1002;714;28;28;8;14;14
65;971;714;28;28;8;15;15
65;942;714;28;28;8;16;16
65;913;714;28;28;8;17;17
65;884;714;28;28;8;18;18
65;855;714;28;28;8;19;19
65;1357;714;28;28;8;2;2
65;825;714;28;28;8;20;20
65;796;714;28;28;8;21;21
65;765;714;28;28;8;22;22
65;735;714;28;28;8;23;23
65;705;713;28;28;8;24;24
65;674;713;28;28;8;25;25
65;644;713;28;28;8;26;26
65;616;713;28;28;8;27;27
65;586;713;28;28;8;28;28
65;557;713;28;28;8;29;29
65;1329;714;28;28;8;3;3
65;528;713;28;28;8;30;30
65;498;713;28;28;8;31;31
65;468;713;28;28;8;32;32
65;438;713;28;28;8;33;33
65;409;713;28;28;8;34;34
65;1298;714;28;28;8;4;4
65;1268;714;28;28;8;5;5
65;1240;714;28;28;8;6;6
65;1210;714;28;28;8;7;7
65;1181;714;28;28;8;8;8
65;1152;714;28;28;8;9;9
65;1386;674;28;28;9;1;1
65;1120;674;28;28;9;10;10
65;1090;674;28;28;9;11;11
65;1060;674;28;28;9;12;12
65;1029;674;28;28;9;13;13
65;1000;674;28;28;9;14;14
65;969;674;28;28;9;15;15
65;940;674;28;28;9;16;16
65;911;674;28;28;9;17;17
65;882;674;28;28;9;18;18
65;853;674;28;28;9;19;19
65;1355;674;28;28;9;2;2
65;823;674;28;28;9;20;20
65;794;674;28;28;9;21;21
65;763;674;28;28;9;22;22
65;733;674;28;28;9;23;23
65;703;673;28;28;9;24;24
65;672;673;28;28;9;25;25
65;642;673;28;28;9;26;26
65;614;673;28;28;9;27;27
65;584;673;28;28;9;28;28
65;555;673;28;28;9;29;29
65;1327;674;28;28;9;3;3
65;526;673;28;28;9;30;30
65;496;673;28;28;9;31;31
65;466;673;28;28;9;32;32
65;436;673;28;28;9;33;33
65;407;673;28;28;9;34;34
65;1296;674;28;28;9;4;4
65;1266;674;28;28;9;5;5
65;1238;674;28;28;9;6;6
65;1208;674;28;28;9;7;7
65;1179;674;28;28;9;8;8
65;1150;674;28;28;9;9;9
65;1336;996;28;28;1;1;1
65;1070;996;28;28;1;10;10
65;1040;996;28;28;1;11;11
65;1010;996;28;28;1;12;12
65;979;996;28;28;1;13;13
65;950;996;28;28;1;14;14
65;919;996;28;28;1;15;15
65;890;996;28;28;1;16;16
65;861;996;28;28;1;17;17
65;832;996;28;28;1;18;18
65;803;996;28;28;1;19;19
65;1305;996;28;28;1;2;2
65;773;996;28;28;1;20;20
65;744;996;28;28;1;21;21
65;713;996;28;28;1;22;22
65;683;996;28;28;1;23;23
65;653;995;28;28;1;24;24
65;622;995;28;28;1;25;25
65;592;995;28;28;1;26;26
65;564;995;28;28;1;27;27
65;534;995;28;28;1;28;28
65;505;995;28;28;1;29;29
65;1277;996;28;28;1;3;3
65;476;995;28;28;1;30;30
65;446;995;28;28;1;31;31
65;1246;996;28;28;1;4;4
65;1217;996;28;28;1;5;5
65;1188;996;28;28;1;6;6
65;1158;996;28;28;1;7;7
65;1129;996;28;28;1;8;8
65;1100;996;28;28;1;9;9
65;1386;633;28;28;10;1;1
65;1120;633;28;28;10;10;10
65;1090;633;28;28;10;11;11
65;1060;633;28;28;10;12;12
65;1029;633;28;28;10;13;13
65;1000;633;28;28;10;14;14
65;969;633;28;28;10;15;15
65;940;633;28;28;10;16;16
65;911;633;28;28;10;17;17
65;882;633;28;28;10;18;18
65;853;633;28;28;10;19;19
65;1355;633;28;28;10;2;2
65;823;633;28;28;10;20;20
65;794;633;28;28;10;21;21
65;763;633;28;28;10;22;22
65;733;633;28;28;10;23;23
65;703;632;28;28;10;24;24
65;672;632;28;28;10;25;25
65;642;632;28;28;10;26;26
65;614;632;28;28;10;27;27
65;584;632;28;28;10;28;28
65;555;632;28;28;10;29;29
65;1327;633;28;28;10;3;3
65;526;632;28;28;10;30;30
65;496;632;28;28;10;31;31
65;466;632;28;28;10;32;32
65;436;632;28;28;10;33;33
65;407;632;28;28;10;34;34
65;1296;633;28;28;10;4;4
65;1266;633;28;28;10;5;5
65;1238;633;28;28;10;6;6
65;1208;633;28;28;10;7;7
65;1179;633;28;28;10;8;8
65;1150;633;28;28;10;9;9
65;1386;592;28;28;11;1;1
65;1120;592;28;28;11;10;10
65;1090;592;28;28;11;11;11
65;1060;592;28;28;11;12;12
65;1029;592;28;28;11;13;13
65;1000;592;28;28;11;14;14
65;969;592;28;28;11;15;15
65;940;592;28;28;11;16;16
65;911;592;28;28;11;17;17
65;882;592;28;28;11;18;18
65;853;592;28;28;11;19;19
65;1355;592;28;28;11;2;2
65;823;592;28;28;11;20;20
65;794;592;28;28;11;21;21
65;763;592;28;28;11;22;22
65;733;592;28;28;11;23;23
65;703;591;28;28;11;24;24
65;672;591;28;28;11;25;25
65;642;591;28;28;11;26;26
65;614;591;28;28;11;27;27
65;584;591;28;28;11;28;28
65;555;591;28;28;11;29;29
65;1327;592;28;28;11;3;3
65;526;591;28;28;11;30;30
65;496;591;28;28;11;31;31
65;466;591;28;28;11;32;32
65;436;591;28;28;11;33;33
65;407;591;28;28;11;34;34
65;1296;592;28;28;11;4;4
65;1266;592;28;28;11;5;5
65;1238;592;28;28;11;6;6
65;1208;592;28;28;11;7;7
65;1179;592;28;28;11;8;8
65;1150;592;28;28;11;9;9
65;1386;552;28;28;12;1;1
65;1120;552;28;28;12;10;10
65;1090;552;28;28;12;11;11
65;1060;552;28;28;12;12;12
65;1029;552;28;28;12;13;13
65;1000;552;28;28;12;14;14
65;969;552;28;28;12;15;15
65;940;552;28;28;12;16;16
65;911;552;28;28;12;17;17
65;882;552;28;28;12;18;18
65;853;552;28;28;12;19;19
65;1355;552;28;28;12;2;2
65;823;552;28;28;12;20;20
65;794;552;28;28;12;21;21
65;763;552;28;28;12;22;22
65;733;552;28;28;12;23;23
65;703;551;28;28;12;24;24
65;672;551;28;28;12;25;25
65;642;551;28;28;12;26;26
65;614;551;28;28;12;27;27
65;584;551;28;28;12;28;28
65;555;551;28;28;12;29;29
65;1327;552;28;28;12;3;3
65;526;551;28;28;12;30;30
65;496;551;28;28;12;31;31
65;466;551;28;28;12;32;32
65;436;551;28;28;12;33;33
65;407;551;28;28;12;34;34
65;1296;552;28;28;12;4;4
65;1266;552;28;28;12;5;5
65;1238;552;28;28;12;6;6
65;1208;552;28;28;12;7;7
65;1179;552;28;28;12;8;8
65;1150;552;28;28;12;9;9
65;1326;511;28;28;13;1;1
65;1061;511;28;28;13;10;10
65;1031;511;28;28;13;11;11
65;1000;511;28;28;13;12;12
65;971;511;28;28;13;13;13
65;940;511;28;28;13;14;14
65;911;511;28;28;13;15;15
65;882;511;28;28;13;16;16
65;853;511;28;28;13;17;17
65;824;511;28;28;13;18;18
65;794;511;28;28;13;19;19
65;1298;511;28;28;13;2;2
65;765;511;28;28;13;20;20
65;734;511;28;28;13;21;21
65;704;511;28;28;13;22;22
65;674;510;28;28;13;23;23
65;643;510;28;28;13;24;24
65;613;510;28;28;13;25;25
65;585;510;28;28;13;26;26
65;555;510;28;28;13;27;27
65;526;510;28;28;13;28;28
65;497;510;28;28;13;29;29
65;1267;511;28;28;13;3;3
65;467;510;28;28;13;30;30
65;1237;511;28;28;13;4;4
65;1209;511;28;28;13;5;5
65;1179;511;28;28;13;6;6
65;1150;511;28;28;13;7;7
65;1121;511;28;28;13;8;8
65;1091;511;28;28;13;9;9
65;1326;471;28;28;14;1;1
65;1061;471;28;28;14;10;10
65;1031;471;28;28;14;11;11
65;1000;471;28;28;14;12;12
65;971;471;28;28;14;13;13
65;940;471;28;28;14;14;14
65;911;471;28;28;14;15;15
65;882;471;28;28;14;16;16
65;853;471;28;28;14;17;17
65;824;471;28;28;14;18;18
65;794;471;28;28;14;19;19
65;1298;471;28;28;14;2;2
65;765;471;28;28;14;20;20
65;734;471;28;28;14;21;21
65;704;471;28;28;14;22;22
65;674;470;28;28;14;23;23
65;643;470;28;28;14;24;24
65;613;470;28;28;14;25;25
65;585;470;28;28;14;26;26
65;555;470;28;28;14;27;27
65;526;470;28;28;14;28;28
65;497;470;28;28;14;29;29
65;1267;471;28;28;14;3;3
65;467;470;28;28;14;30;30
65;1237;471;28;28;14;4;4
65;1209;471;28;28;14;5;5
65;1179;471;28;28;14;6;6
65;1150;471;28;28;14;7;7
65;1121;471;28;28;14;8;8
65;1091;471;28;28;14;9;9
65;1326;432;28;28;15;1;1
65;1061;432;28;28;15;10;10
65;1031;432;28;28;15;11;11
65;1000;432;28;28;15;12;12
65;971;432;28;28;15;13;13
65;940;432;28;28;15;14;14
65;911;432;28;28;15;15;15
65;882;432;28;28;15;16;16
65;853;432;28;28;15;17;17
65;824;432;28;28;15;18;18
65;794;432;28;28;15;19;19
65;1298;432;28;28;15;2;2
65;765;432;28;28;15;20;20
65;734;432;28;28;15;21;21
65;704;432;28;28;15;22;22
65;674;431;28;28;15;23;23
65;643;431;28;28;15;24;24
65;613;431;28;28;15;25;25
65;585;431;28;28;15;26;26
65;555;431;28;28;15;27;27
65;526;431;28;28;15;28;28
65;497;431;28;28;15;29;29
65;1267;432;28;28;15;3;3
65;467;431;28;28;15;30;30
65;1237;432;28;28;15;4;4
65;1209;432;28;28;15;5;5
65;1179;432;28;28;15;6;6
65;1150;432;28;28;15;7;7
65;1121;432;28;28;15;8;8
65;1091;432;28;28;15;9;9
65;1326;391;28;28;16;1;1
65;1061;391;28;28;16;10;10
65;1031;391;28;28;16;11;11
65;1000;391;28;28;16;12;12
65;971;391;28;28;16;13;13
65;940;391;28;28;16;14;14
65;911;391;28;28;16;15;15
65;882;391;28;28;16;16;16
65;853;391;28;28;16;17;17
65;824;391;28;28;16;18;18
65;794;391;28;28;16;19;19
65;1298;391;28;28;16;2;2
65;765;391;28;28;16;20;20
65;734;391;28;28;16;21;21
65;704;391;28;28;16;22;22
65;674;390;28;28;16;23;23
65;643;390;28;28;16;24;24
65;613;390;28;28;16;25;25
65;585;390;28;28;16;26;26
65;555;390;28;28;16;27;27
65;526;390;28;28;16;28;28
65;497;390;28;28;16;29;29
65;1267;391;28;28;16;3;3
65;467;390;28;28;16;30;30
65;1237;391;28;28;16;4;4
65;1209;391;28;28;16;5;5
65;1179;391;28;28;16;6;6
65;1150;391;28;28;16;7;7
65;1121;391;28;28;16;8;8
65;1091;391;28;28;16;9;9
65;1326;351;28;28;17;1;1
65;1061;351;28;28;17;10;10
65;1031;351;28;28;17;11;11
65;1000;351;28;28;17;12;12
65;971;351;28;28;17;13;13
65;940;351;28;28;17;14;14
65;911;351;28;28;17;15;15
65;882;351;28;28;17;16;16
65;853;351;28;28;17;17;17
65;824;351;28;28;17;18;18
65;794;351;28;28;17;19;19
65;1298;351;28;28;17;2;2
65;765;351;28;28;17;20;20
65;734;351;28;28;17;21;21
65;704;351;28;28;17;22;22
65;674;350;28;28;17;23;23
65;643;350;28;28;17;24;24
65;613;350;28;28;17;25;25
65;585;350;28;28;17;26;26
65;555;350;28;28;17;27;27
65;526;350;28;28;17;28;28
65;497;350;28;28;17;29;29
65;1267;351;28;28;17;3;3
65;467;350;28;28;17;30;30
65;1237;351;28;28;17;4;4
65;1209;351;28;28;17;5;5
65;1179;351;28;28;17;6;6
65;1150;351;28;28;17;7;7
65;1121;351;28;28;17;8;8
65;1091;351;28;28;17;9;9
65;1326;311;28;28;18;1;1
65;1061;311;28;28;18;10;10
65;1031;311;28;28;18;11;11
65;1000;311;28;28;18;12;12
65;971;311;28;28;18;13;13
65;940;311;28;28;18;14;14
65;911;311;28;28;18;15;15
65;882;311;28;28;18;16;16
65;853;311;28;28;18;17;17
65;824;311;28;28;18;18;18
65;794;311;28;28;18;19;19
65;1298;311;28;28;18;2;2
65;765;311;28;28;18;20;20
65;734;311;28;28;18;21;21
65;704;311;28;28;18;22;22
65;674;310;28;28;18;23;23
65;643;310;28;28;18;24;24
65;613;310;28;28;18;25;25
65;585;310;28;28;18;26;26
65;555;310;28;28;18;27;27
65;526;310;28;28;18;28;28
65;497;310;28;28;18;29;29
65;1267;311;28;28;18;3;3
65;467;310;28;28;18;30;30
65;1237;311;28;28;18;4;4
65;1209;311;28;28;18;5;5
65;1179;311;28;28;18;6;6
65;1150;311;28;28;18;7;7
65;1121;311;28;28;18;8;8
65;1091;311;28;28;18;9;9
65;1326;270;28;28;19;1;1
65;1061;270;28;28;19;10;10
65;1031;270;28;28;19;11;11
65;1000;270;28;28;19;12;12
65;971;270;28;28;19;13;13
65;940;270;28;28;19;14;14
65;911;270;28;28;19;15;15
65;882;270;28;28;19;16;16
65;853;270;28;28;19;17;17
65;824;270;28;28;19;18;18
65;794;270;28;28;19;19;19
65;1298;270;28;28;19;2;2
65;765;270;28;28;19;20;20
65;734;270;28;28;19;21;21
65;704;270;28;28;19;22;22
65;674;269;28;28;19;23;23
65;643;269;28;28;19;24;24
65;613;269;28;28;19;25;25
65;585;269;28;28;19;26;26
65;555;269;28;28;19;27;27
65;526;269;28;28;19;28;28
65;497;269;28;28;19;29;29
65;1267;270;28;28;19;3;3
65;467;269;28;28;19;30;30
65;1237;270;28;28;19;4;4
65;1209;270;28;28;19;5;5
65;1179;270;28;28;19;6;6
65;1150;270;28;28;19;7;7
65;1121;270;28;28;19;8;8
65;1091;270;28;28;19;9;9
65;1336;955;28;28;2;1;1
65;1070;955;28;28;2;10;10
65;1040;955;28;28;2;11;11
65;1010;955;28;28;2;12;12
65;979;955;28;28;2;13;13
65;950;955;28;28;2;14;14
65;919;955;28;28;2;15;15
65;890;955;28;28;2;16;16
65;861;955;28;28;2;17;17
65;832;955;28;28;2;18;18
65;803;955;28;28;2;19;19
65;1305;955;28;28;2;2;2
65;773;955;28;28;2;20;20
65;744;955;28;28;2;21;21
65;713;955;28;28;2;22;22
65;683;955;28;28;2;23;23
65;653;954;28;28;2;24;24
65;622;954;28;28;2;25;25
65;592;954;28;28;2;26;26
65;564;954;28;28;2;27;27
65;534;954;28;28;2;28;28
65;505;954;28;28;2;29;29
65;1277;955;28;28;2;3;3
65;476;954;28;28;2;30;30
65;446;954;28;28;2;31;31
65;1246;955;28;28;2;4;4
65;1217;955;28;28;2;5;5
65;1188;955;28;28;2;6;6
65;1158;955;28;28;2;7;7
65;1129;955;28;28;2;8;8
65;1100;955;28;28;2;9;9
65;1326;229;28;28;20;1;1
65;1061;229;28;28;20;10;10
65;1031;229;28;28;20;11;11
65;1000;229;28;28;20;12;12
65;971;229;28;28;20;13;13
65;940;229;28;28;20;14;14
65;911;229;28;28;20;15;15
65;882;229;28;28;20;16;16
65;853;229;28;28;20;17;17
65;824;229;28;28;20;18;18
65;794;229;28;28;20;19;19
65;1298;229;28;28;20;2;2
65;765;229;28;28;20;20;20
65;734;229;28;28;20;21;21
65;704;229;28;28;20;22;22
65;674;228;28;28;20;23;23
65;643;228;28;28;20;24;24
65;613;228;28;28;20;25;25
65;585;228;28;28;20;26;26
65;555;228;28;28;20;27;27
65;526;228;28;28;20;28;28
65;497;228;28;28;20;29;29
65;1267;229;28;28;20;3;3
65;467;228;28;28;20;30;30
65;1237;229;28;28;20;4;4
65;1209;229;28;28;20;5;5
65;1179;229;28;28;20;6;6
65;1150;229;28;28;20;7;7
65;1121;229;28;28;20;8;8
65;1091;229;28;28;20;9;9
65;1386;187;28;28;21;1;1